%% Specific extinction coefficients used in CYRIL labview
function [epsilon] = specific_extinction_coeffs_780to900
% Wavelength (nm), HbO2 (OD/mM/cm), HHb (OD/mM/cm), CCO (OD/mM/cm),
% Wavelength dependency of pathlength

epsilon = [
780	0.736	1.105	2.05	1
781	0.7422	1.0803	2.0612	0.9996
782	0.7485	1.0571	2.0724	0.9991
783	0.7549	1.0372	2.0851	0.9987
784	0.7613	1.0173	2.0979	0.9982
785	0.7681	0.9975	2.1081	0.9978
786	0.7743	0.9822	2.1183	0.9971
787	0.7808	0.9668	2.1271	0.9965
788	0.7874	0.9515	2.136	0.9958
789	0.7941	0.9385	2.1433	0.9951
790	0.8005	0.9264	2.1506	0.9945
791	0.807	0.9143	2.1572	0.9937
792	0.8134	0.9034	2.1638	0.9929
793	0.8197	0.8939	2.1763	0.9922
794	0.8264	0.8844	2.1887	0.9914
795	0.833	0.8752	2.2015	0.9906
796	0.8392	0.8676	2.2142	0.9883
797	0.8458	0.86	2.2279	0.9859
798	0.8524	0.8524	2.2416	0.9835
799	0.8588	0.8461	2.2518	0.9812
800	0.8653	0.8399	2.2619	0.9788
801	0.8716	0.8338	2.2666	0.9779
802	0.878	0.8285	2.2713	0.977
803	0.8845	0.8237	2.2762	0.976
804	0.8909	0.819	2.2812	0.9751
805	0.8973	0.8146	2.287	0.9742
806	0.9038	0.8111	2.2927	0.9732
807	0.9102	0.8075	2.2991	0.9721
808	0.9164	0.804	2.3055	0.9711
809	0.9227	0.8014	2.3114	0.9701
810	0.9291	0.7987	2.3172	0.969
811	0.9354	0.7961	2.3212	0.9675
812	0.9416	0.7941	2.3253	0.966
813	0.9478	0.7922	2.3281	0.9645
814	0.9539	0.7904	2.3309	0.963
815	0.9603	0.7888	2.3335	0.9615
816	0.9666	0.7874	2.3361	0.9599
817	0.9728	0.7861	2.3388	0.9583
818	0.9789	0.7849	2.3415	0.9567
819	0.9848	0.7842	2.3442	0.955
820	0.9911	0.7834	2.3469	0.9534
821	0.9973	0.7827	2.3478	0.9516
822	1.0032	0.7822	2.3486	0.9497
823	1.0091	0.7817	2.3471	0.9479
824	1.0153	0.7812	2.3455	0.946
825	1.0211	0.7809	2.3429	0.9442
826	1.0273	0.7808	2.3403	0.9421
827	1.0333	0.7806	2.3369	0.9401
828	1.0393	0.7805	2.3335	0.9381
829	1.0449	0.7804	2.33	0.936
830	1.0507	0.7804	2.3265	0.934
831	1.0564	0.7804	2.3233	0.9321
832	1.0621	0.7804	2.32	0.9302
833	1.068	0.7804	2.3174	0.9283
834	1.0739	0.7805	2.3148	0.9264
835	1.0797	0.7805	2.3131	0.9245
836	1.0851	0.7806	2.3113	0.9226
837	1.0907	0.7807	2.3106	0.9208
838	1.0962	0.7809	2.3098	0.9189
839	1.1018	0.7812	2.309	0.9171
840	1.1072	0.7815	2.3081	0.9152
841	1.1128	0.7817	2.3062	0.9154
842	1.1182	0.782	2.3043	0.9157
843	1.1233	0.7823	2.3019	0.9159
844	1.1286	0.7827	2.2995	0.9162
845	1.1339	0.7833	2.2972	0.9164
846	1.1391	0.7839	2.2948	0.9151
847	1.1442	0.7845	2.2934	0.9137
848	1.1494	0.785	2.2919	0.9124
849	1.1547	0.7856	2.2912	0.911
850	1.1596	0.7861	2.2905	0.9097
851	1.1645	0.7871	2.2879	0.9083
852	1.1694	0.788	2.2853	0.907
853	1.1742	0.789	2.2805	0.9056
854	1.179	0.7901	2.2757	0.9043
855	1.1842	0.7912	2.2685	0.9029
856	1.1885	0.7923	2.2613	0.9016
857	1.1934	0.7935	2.2527	0.9002
858	1.198	0.7949	2.2442	0.8989
859	1.2026	0.7963	2.2373	0.8975
860	1.2071	0.7977	2.2303	0.8962
861	1.2114	0.7993	2.2259	0.895
862	1.2156	0.8009	2.2214	0.8938
863	1.22	0.8025	2.217	0.8927
864	1.2245	0.8044	2.2127	0.8915
865	1.2286	0.8063	2.2069	0.8903
866	1.2325	0.8082	2.201	0.8891
867	1.2367	0.8102	2.1941	0.8879
868	1.2407	0.8122	2.1872	0.8868
869	1.2449	0.8143	2.1773	0.8856
870	1.249	0.8166	2.1674	0.8844
871	1.2529	0.8189	2.1529	0.8822
872	1.2565	0.8213	2.1384	0.8801
873	1.2601	0.8237	2.1256	0.8779
874	1.2641	0.8261	2.1128	0.8758
875	1.2678	0.8285	2.1029	0.8736
876	1.271	0.831	2.093	0.8715
877	1.2746	0.8336	2.0846	0.8693
878	1.2781	0.8361	2.0763	0.8672
879	1.2814	0.8387	2.0684	0.865
880	1.2846	0.8412	2.0606	0.8629
881	1.2878	0.8438	2.053	0.8607
882	1.2907	0.8463	2.0454	0.8585
883	1.2938	0.8489	2.0359	0.8564
884	1.2971	0.8516	2.0265	0.8542
885	1.3	0.8542	2.0164	0.852
886	1.3027	0.8568	2.0063	0.8498
887	1.3058	0.8594	1.9959	0.8476
888	1.3084	0.862	1.9855	0.8453
889	1.3108	0.8645	1.9725	0.8431
890	1.3137	0.867	1.9594	0.8408
891	1.3165	0.8694	1.9467	0.8382
892	1.3189	0.8718	1.934	0.8356
893	1.321	0.8742	1.9203	0.833
894	1.3235	0.8765	1.9066	0.8303
895	1.3262	0.8787	1.8916	0.8277
896	1.3283	0.8807	1.8766	0.8251
897	1.3304	0.8827	1.8619	0.8225
898	1.3323	0.8846	1.8472	0.8199
899	1.3341	0.8863	1.8343	0.8172
900	1.3365	0.888	1.8213	0.8146
];